1A1111111111111101111111
101110001100000000001001
100000101001111111101011
101111101101000000101011
100010110001010101110011
101110000111011110000111
100000111100000010010000
101111100001110111011111
100000101110011001000001
101110100000000011010101
100011101110111000010111
101101000011E00011110001
000001011100011100011111
000111010001011001010000
110000000111101011100100
110111110000100000001110
110110001110101010100001
100110110100101010111101
000000110111101010011001
001111000100001011000111
000000010101111000010000
000101011100000111001011
010101000001010000100001
01110111110111111011110G
